MEMORY
  total            14.3 MB
  struct          159.1 KB
  buffer          134.3 KB
  arena            14.0 MB, used 0.2%

SIZES
  narena                14680064
  nbuffer               137568
  nplugin               0
  maxuse_stack          6636
  maxuse_arena          33816
  maxuse_con            4
  maxuse_efc            17
  ncon                  0
  ne                    0
  nf                    0
  nl                    0
  nefc                  0
  nJ                    0
  nA                    0
  nisland               0
  nidof                 0
  threadpool            0

TIMER
    0:  duration =  0.056      number = 1
    1:  duration =  0.055      number = 4
    2:  duration =  0          number = 0
    3:  duration =  0.05       number = 4
    4:  duration =  0.0028     number = 4
    5:  duration =  0.001      number = 4
    6:  duration =  0.00016    number = 4
    7:  duration =  0          number = 0
    8:  duration =  0.006      number = 4
    9:  duration =  0.0017     number = 4
    10:  duration =  0.039      number = 4
    11:  duration =  0.0019     number = 4
    12:  duration =  0.00012    number = 4
    13:  duration =  0.012      number = 4
    14:  duration =  0.024      number = 4

ENERGY =   0         0       

TIME =  27      

QPOS
   0.6     
   0.66    
  -0.017   
   0.016   
   0.41    
   0.18    
  -0.039   
   0.04    
   0.093   
   0.23    
  -0.038   
   0.043   
   0.15    
   0.19    
  -0.048   
   0.039   
   0.27    
   0.29    
  -0.056   
   0.036   

QVEL
  -0.22    
  -0.64    
   0.34    
   0.19    
   0.29    
  -0.076   
  -0.13    
  -0.016   
   0.66    
   0.43    
  -0.049   
  -0.056   
   0.95    
   0.03    
  -0.066   
  -0.025   
   1.5     
   0.3     
  -0.26    
  -0.23    

QACC_WARMSTART
   31      
  -2.6     
   16      
   10      
  -4.7     
   1.4     
   0.35    
  -0.91    
  -28      
  -9.7     
  -5.2     
  -0.84    
  -11      
   5.9     
   4.2     
   1.8     
   57      
   14      
   25      
   8.4     

CTRL
   0.61    
   0.64    
   0.013   
   0.037   
   0.41    
   0.18    
  -0.046   
   0.039   
   0.089   
   0.23    
  -0.049   
   0.036   
   0.17    
   0.19    
  -0.052   
   0.038   
   0.35    
   0.3     
  -0.037   
   0.041   

QFRC_APPLIED
   0       
   0       
   0       
   0       
   0       
   0       
   0       
   0       
   0       
   0       
   0       
   0       
   0       
   0       
   0       
   0       
   0       
   0       
   0       
   0       

XFRC_APPLIED
   0         0         0         0         0         0       
   0         0         0         0         0         0       
   0         0         0         0         0         0       
   0         0         0         0         0         0       
   0         0         0         0         0         0       
   0         0         0         0         0         0       
   0         0         0         0         0         0       
   0         0         0         0         0         0       
   0         0         0         0         0         0       
   0         0         0         0         0         0       
   0         0         0         0         0         0       
   0         0         0         0         0         0       
   0         0         0         0         0         0       
   0         0         0         0         0         0       
   0         0         0         0         0         0       
   0         0         0         0         0         0       
   0         0         0         0         0         0       
   0         0         0         0         0         0       
   0         0         0         0         0         0       
   0         0         0         0         0         0       
   0         0         0         0         0         0       
   0         0         0         0         0         0       

QACC
   31      
  -2.6     
   16      
   10      
  -4.7     
   1.4     
   0.35    
  -0.91    
  -28      
  -9.7     
  -5.2     
  -0.84    
  -11      
   5.9     
   4.2     
   1.8     
   57      
   14      
   25      
   8.4     

XPOS
   0         0         0       
   0         0         0       
   0.0085   -0.021     0.029   
   0.017    -0.03      0.039   
   0.019    -0.043     0.069   
   0.019    -0.055     0.095   
  -0.0059   -0.029     0.092   
  -0.0025   -0.029     0.095   
   0.0044   -0.025     0.13    
   0.012    -0.02      0.16    
  -0.01     -0.0075    0.09    
  -0.0082   -0.0075    0.094   
  -0.013     0.00089   0.13    
  -0.014     0.0075    0.16    
  -0.0077    0.014     0.084   
  -0.0052    0.014     0.088   
  -0.0067    0.024     0.12    
  -0.0057    0.032     0.15    
  -0.0023    0.034     0.074   
   0.00066   0.034     0.078   
   0.0051    0.051     0.11    
   0.011     0.063     0.14    

XQUAT
   1         0         0         0       
   1         0         0         0       
   0.63      0.48      0.28      0.55    
   0.9       0.21     -0.072     0.38    
   0.82      0.17     -0.12      0.53    
   0.83      0.17     -0.11      0.53    
   0.98      0.035     0.17      0.12    
   0.98     -0.056     0.16      0.14    
   0.98     -0.053     0.14      0.14    
   0.98     -0.056     0.16      0.14    
   1         2.6e-05   0.0029   -0.00029 
   0.99     -0.11      0.003     5e-05   
   0.99     -0.11     -0.016     0.0021  
   0.99     -0.11      0.0054   -0.00037 
   1        -0.044     0.036    -0.029   
   0.99     -0.14      0.038    -0.025   
   0.99     -0.14      0.014    -0.022   
   0.99     -0.14      0.034    -0.025   
   0.99     -0.087     0.094    -0.095   
   0.96     -0.23      0.11     -0.08    
   0.97     -0.23      0.08     -0.074   
   0.96     -0.23      0.098    -0.078   

XMAT
   1         0         0         0         1         0         0         0         1       
   1         0         0         0         1         0         0         0         1       
   0.24     -0.42      0.87      0.95     -0.056    -0.29      0.17      0.9       0.39    
   0.7      -0.72      0.03      0.66      0.62     -0.43      0.29      0.32      0.9     
   0.42     -0.91     -0.015     0.83      0.39     -0.41      0.38      0.16      0.91    
   0.42     -0.91     -0.0079    0.83      0.39     -0.4       0.36      0.16      0.92    
   0.91     -0.22      0.35      0.25      0.97     -0.026    -0.33      0.11      0.94    
   0.91     -0.28      0.3       0.25      0.96      0.15     -0.33     -0.064     0.94    
   0.92     -0.28      0.27      0.25      0.96      0.14     -0.3      -0.064     0.95    
   0.91     -0.28      0.3       0.25      0.96      0.15     -0.33     -0.064     0.94    
   1         0.00058   0.0059   -0.00058   1        -5.4e-05  -0.0059    5.1e-05   1       
   1        -0.00078   0.0059   -0.00058   0.97      0.23     -0.0059   -0.23      0.97    
   1        -0.00051  -0.032     0.0077    0.97      0.23      0.031    -0.23      0.97    
   1        -0.00051   0.011    -0.002     0.97      0.23     -0.011    -0.23      0.97    
   1         0.054     0.074    -0.061     0.99      0.086    -0.069    -0.09      0.99    
   1         0.04      0.083    -0.061     0.96      0.27     -0.069    -0.27      0.96    
   1         0.04      0.035    -0.048     0.96      0.27     -0.023    -0.27      0.96    
   1         0.04      0.074    -0.059     0.96      0.27     -0.06     -0.27      0.96    
   0.96      0.17      0.2      -0.2       0.97      0.15     -0.17     -0.19      0.97    
   0.96      0.11      0.24     -0.2       0.88      0.43     -0.17     -0.46      0.87    
   0.98      0.11      0.19     -0.18      0.88      0.44     -0.12     -0.46      0.88    
   0.97      0.11      0.22     -0.2       0.88      0.43     -0.15     -0.46      0.87    

XIPOS
   0         0         0       
  -0.0009    0.0091    0.038   
   0.014    -0.024     0.033   
   0.018    -0.037     0.052   
   0.019    -0.05      0.08    
   0.018    -0.062     0.11    
  -0.007    -0.03      0.093   
  -0.0027   -0.028     0.11    
   0.0075   -0.023     0.15    
   0.013    -0.02      0.17    
  -0.012    -0.0075    0.09    
  -0.014    -0.0035    0.11    
  -0.014     0.0044    0.14    
  -0.015     0.0094    0.17    
  -0.009     0.014     0.085   
  -0.0098    0.019     0.11    
  -0.0073    0.028     0.14    
  -0.0069    0.034     0.16    
  -0.0035    0.034     0.075   
  -0.00096   0.043     0.094   
   0.007     0.058     0.12    
   0.011     0.067     0.14    

XIMAT
   1         0         0         0         1         0         0         0         1       
   1        -0.082     0.027    -0.086    -0.98      0.18      0.012    -0.18     -0.98    
  -0.83     -0.37      0.42      0.32     -0.93     -0.17      0.46     -0.0064    0.89    
   0.48     -0.88      0.031     0.8       0.43     -0.42      0.36      0.23      0.91    
   0.42     -0.91     -0.004     0.83      0.39     -0.39      0.36      0.16      0.92    
  -0.91     -0.39     -0.15      0.39     -0.64     -0.67      0.16     -0.66      0.73    
   0.45     -0.22      0.87      0.2       0.97      0.14     -0.87      0.11      0.48    
  -0.29     -0.9       0.34      0.96     -0.24      0.16     -0.063     0.37      0.93    
   0.93     -0.28      0.24      0.26      0.96      0.13     -0.26     -0.063     0.96    
   0.96     -0.29      0.036     0.28      0.96      0.077    -0.057    -0.063     1       
   0.74      0.00058   0.67     -0.0004    1        -0.00043  -0.67      5.1e-05   0.74    
  -0.0028   -1         0.047     0.97      0.0079    0.23     -0.23      0.046     0.97    
   1        -0.0014   -0.066     0.016     0.97      0.23      0.064    -0.23      0.97    
   0.96     -0.0029   -0.27      0.064     0.97      0.22      0.26     -0.23      0.94    
   0.69      0.054     0.72     -0.1       0.99      0.024    -0.71     -0.09      0.7     
   0.038    -0.99      0.12      0.96      0.07      0.27     -0.27      0.11      0.96    
   1         0.039     6.1e-05  -0.038     0.96      0.27      0.011    -0.27      0.96    
   0.98      0.038    -0.21      0.023     0.96      0.27      0.22     -0.27      0.94    
   0.59      0.17      0.79     -0.26      0.97     -0.02     -0.77     -0.19      0.61    
   0.1      -0.95      0.28      0.88      0.22      0.42     -0.46      0.21      0.86    
   0.98      0.11      0.16     -0.16      0.88      0.44     -0.09     -0.46      0.88    
   0.99      0.1      -0.062    -0.063     0.88      0.47      0.1      -0.46      0.88    

XANCHOR
   0.0085   -0.021     0.029   
   0.017    -0.03      0.039   
   0.019    -0.043     0.069   
   0.019    -0.055     0.095   
  -0.0059   -0.029     0.092   
  -0.0025   -0.029     0.095   
   0.0044   -0.025     0.13    
   0.012    -0.02      0.16    
  -0.01     -0.0075    0.09    
  -0.0082   -0.0075    0.094   
  -0.013     0.00089   0.13    
  -0.014     0.0075    0.16    
  -0.0077    0.014     0.084   
  -0.0052    0.014     0.088   
  -0.0067    0.024     0.12    
  -0.0057    0.032     0.15    
  -0.0023    0.034     0.074   
   0.00066   0.034     0.078   
   0.0051    0.051     0.11    
   0.011     0.063     0.14    

XAXIS
  -0.42     -0.056     0.9     
  -0.7      -0.66     -0.29    
  -0.91      0.39      0.16    
  -0.91      0.39      0.16    
  -0.22      0.97      0.11    
  -0.91     -0.25      0.33    
  -0.28      0.96     -0.064   
  -0.28      0.96     -0.064   
   0.00058   1         5.1e-05 
  -1         0.00058   0.0059  
  -0.00051   0.97     -0.23    
  -0.00051   0.97     -0.23    
   0.054     0.99     -0.09    
  -1         0.061     0.069   
   0.04      0.96     -0.27    
   0.04      0.96     -0.27    
   0.17      0.97     -0.19    
  -0.96      0.2       0.17    
   0.11      0.88     -0.46    
   0.11      0.88     -0.46    

GEOM_XPOS
   0         0        -0.01    
  -0.0029    0.0001    0.038   
  -0.0009    0.0091    0.038   
   0.014    -0.025     0.033   
   0.014    -0.025     0.033   
   0.019    -0.037     0.053   
   0.019    -0.037     0.053   
   0.019    -0.05      0.081   
   0.019    -0.05      0.081   
   0.018    -0.06      0.1     
   0.018    -0.06      0.1     
   0.018    -0.066     0.12    
   0.018    -0.066     0.12    
  -0.0076   -0.03      0.093   
  -0.0076   -0.03      0.093   
  -0.0026   -0.028     0.11    
  -0.0026   -0.028     0.11    
   0.0073   -0.023     0.15    
   0.0073   -0.023     0.15    
   0.013    -0.02      0.16    
   0.013    -0.02      0.16    
   0.017    -0.018     0.18    
   0.017    -0.018     0.18    
  -0.012    -0.0075    0.09    
  -0.012    -0.0075    0.09    
  -0.014    -0.0034    0.11    
  -0.014    -0.0034    0.11    
  -0.014     0.0044    0.14    
  -0.014     0.0044    0.14    
  -0.014     0.0087    0.16    
  -0.014     0.0087    0.16    
  -0.015     0.012     0.18    
  -0.015     0.012     0.18    
  -0.0096    0.014     0.085   
  -0.0096    0.014     0.085   
  -0.0097    0.019     0.11    
  -0.0097    0.019     0.11    
  -0.0072    0.028     0.14    
  -0.0072    0.028     0.14    
  -0.0062    0.033     0.16    
  -0.0062    0.033     0.16    
  -0.0057    0.037     0.17    
  -0.0057    0.037     0.17    
  -0.0041    0.034     0.075   
  -0.0041    0.034     0.075   
  -0.0008    0.043     0.094   
  -0.0008    0.043     0.094   
   0.0069    0.057     0.12    
   0.0069    0.057     0.12    
   0.011     0.066     0.14    
   0.011     0.066     0.14    
   0.013     0.072     0.15    
   0.013     0.072     0.15    

GEOM_XMAT
   1         0         0         0         1         0         0         0         1       
   1         0.017    -0.084    -0.033     0.98     -0.18      0.08      0.18      0.98    
   1        -0.082     0.027    -0.086    -0.98      0.18      0.012    -0.18     -0.98    
  -0.84     -0.31      0.45      0.12     -0.9      -0.41      0.54     -0.29      0.79    
  -0.84     -0.31      0.45      0.12     -0.9      -0.41      0.54     -0.29      0.79    
   0.42     -0.91      0.033     0.83      0.36     -0.42      0.37      0.2       0.91    
   0.42     -0.91      0.033     0.83      0.36     -0.42      0.37      0.2       0.91    
   0.42     -0.91      0.00055   0.83      0.38     -0.39      0.36      0.17      0.92    
   0.42     -0.91      0.00055   0.83      0.38     -0.39      0.36      0.17      0.92    
  -0.91     -0.42      0.02      0.38     -0.84     -0.39      0.18     -0.35      0.92    
  -0.91     -0.42      0.02      0.38     -0.84     -0.39      0.18     -0.35      0.92    
   0.4      -0.91     -0.12      0.69      0.39     -0.61      0.6       0.16      0.78    
   0.4      -0.91     -0.12      0.69      0.39     -0.61      0.6       0.16      0.78    
   0.44     -0.22      0.87      0.2       0.97      0.15     -0.87      0.11      0.47    
   0.44     -0.22      0.87      0.2       0.97      0.15     -0.87      0.11      0.47    
  -0.28     -0.9       0.34      0.96     -0.24      0.16     -0.064     0.37      0.93    
  -0.28     -0.9       0.34      0.96     -0.24      0.16     -0.064     0.37      0.93    
   0.93     -0.28      0.25      0.26      0.96      0.11     -0.27     -0.037     0.96    
   0.93     -0.28      0.25      0.26      0.96      0.11     -0.27     -0.037     0.96    
   0.95      0.065     0.31      0.27      0.33     -0.91     -0.16      0.94      0.29    
   0.95      0.065     0.31      0.27      0.33     -0.91     -0.16      0.94      0.29    
   0.94     -0.28      0.17      0.27      0.96      0.12     -0.2      -0.064     0.98    
   0.94     -0.28      0.17      0.27      0.96      0.12     -0.2      -0.064     0.98    
   0.74      0.00058   0.67     -0.00039   1        -0.00043  -0.67      5.1e-05   0.74    
   0.74      0.00058   0.67     -0.00039   1        -0.00043  -0.67      5.1e-05   0.74    
  -0.00078  -1         0.043     0.97      0.009     0.23     -0.23      0.042     0.97    
  -0.00078  -1         0.043     0.97      0.009     0.23     -0.23      0.042     0.97    
   1        -0.0023   -0.062     0.015     0.98      0.2       0.061    -0.2       0.98    
   1        -0.0023   -0.062     0.015     0.98      0.2       0.061    -0.2       0.98    
   0.99     -0.17     -0.039     0.039     0.44     -0.89      0.17      0.88      0.44    
   0.99     -0.17     -0.039     0.039     0.44     -0.89      0.17      0.88      0.44    
   0.99     -0.00051  -0.13      0.03      0.97      0.23      0.12     -0.23      0.97    
   0.99     -0.00051  -0.13      0.03      0.97      0.23      0.12     -0.23      0.97    
   0.69      0.054     0.72     -0.1       0.99      0.023    -0.72     -0.09      0.69    
   0.69      0.054     0.72     -0.1       0.99      0.023    -0.72     -0.09      0.69    
   0.04     -0.99      0.12      0.96      0.071     0.27     -0.27      0.1       0.96    
   0.04     -0.99      0.12      0.96      0.071     0.27     -0.27      0.1       0.96    
   1         0.04      0.0029   -0.04      0.97      0.25      0.007    -0.25      0.97    
   1         0.04      0.0029   -0.04      0.97      0.25      0.007    -0.25      0.97    
   0.99     -0.095    -0.064    -0.0089    0.49     -0.87      0.11      0.87      0.49    
   0.99     -0.095    -0.064    -0.0089    0.49     -0.87      0.11      0.87      0.49    
   1         0.04     -0.066    -0.02      0.96      0.27      0.075    -0.27      0.96    
   1         0.04     -0.066    -0.02      0.96      0.27      0.075    -0.27      0.96    
   0.58      0.17      0.79     -0.26      0.97     -0.022    -0.77     -0.19      0.61    
   0.58      0.17      0.79     -0.26      0.97     -0.022    -0.77     -0.19      0.61    
   0.11     -0.95      0.28      0.88      0.22      0.42     -0.46      0.2       0.86    
   0.11     -0.95      0.28      0.88      0.22      0.42     -0.46      0.2       0.86    
   0.98      0.11      0.16     -0.17      0.89      0.42     -0.093    -0.44      0.89    
   0.98      0.11      0.16     -0.17      0.89      0.42     -0.093    -0.44      0.89    
   0.99      0.069    -0.093    -0.12      0.65     -0.75      0.0086    0.76      0.66    
   0.99      0.069    -0.093    -0.12      0.65     -0.75      0.0086    0.76      0.66    
   0.99      0.11      0.087    -0.13      0.88      0.45     -0.028    -0.46      0.89    
   0.99      0.11      0.087    -0.13      0.88      0.45     -0.028    -0.46      0.89    

SUBTREE_COM
   0.00022   0.0026    0.11    
   0.00022   0.0026    0.11    
   0.018    -0.046     0.072   
   0.018    -0.049     0.077   
   0.018    -0.057     0.094   
   0.018    -0.062     0.11    
   0.0035   -0.025     0.13    
   0.004    -0.024     0.14    
   0.01     -0.021     0.16    
   0.013    -0.02      0.17    
  -0.014     0.0014    0.13    
  -0.014     0.0019    0.13    
  -0.015     0.007     0.16    
  -0.015     0.0094    0.17    
  -0.0084    0.025     0.13    
  -0.0084    0.025     0.13    
  -0.0071    0.031     0.15    
  -0.0069    0.034     0.16    
   0.0037    0.052     0.11    
   0.0041    0.053     0.11    
   0.0089    0.063     0.13    
   0.011     0.067     0.14    

CDOF
  -0.42     -0.056     0.9      -0.025     0.025    -0.01    
  -0.7      -0.66     -0.29     -0.035     0.052    -0.034   
  -0.91      0.39      0.16      0.0071    0.031    -0.034   
  -0.91      0.39      0.16     -0.005     0.007    -0.045   
  -0.22      0.97      0.11      0.011     0.0039   -0.013   
  -0.91     -0.25      0.33     -0.013     0.011    -0.028   
  -0.28      0.96     -0.064    -0.022    -0.0067   -0.0037  
  -0.28      0.96     -0.064    -0.048    -0.014     0.0049  
   0.00058   1         5.1e-05   0.017    -9.2e-06  -0.011   
  -1         0.00058   0.0059   -5.2e-05   0.013    -0.01    
  -0.00051   0.97     -0.23     -0.022    -0.0029   -0.013   
  -0.00051   0.97     -0.23     -0.051    -0.0032   -0.013   
   0.054     0.99     -0.09      0.021    -0.0019   -0.0084  
  -1         0.061     0.069     0.0019    0.018     0.011   
   0.04      0.96     -0.27     -0.022    -0.0012   -0.0075  
   0.04      0.96     -0.27     -0.051     0.0002   -0.0069  
   0.17      0.97     -0.19      0.025    -0.006    -0.0078  
  -0.96      0.2       0.17      0.011     0.028     0.031   
   0.11      0.88     -0.46     -0.026     0.0027   -0.00078 
   0.11      0.88     -0.46     -0.054     0.0079    0.0027  

CINERT
   0         0         0         0         0         0         0         0         0         0       
   0.00025   0.00023   1.3e-05  -5.4e-07  -3.2e-06   2.2e-05  -5.2e-05   0.0003   -0.0032    0.047   
   0.00035   0.00036   0.00025   6.6e-06  -3.7e-05   3.1e-06   0.0001   -0.0002   -0.00055   0.0075  
   0.00037   0.00031   0.00015   2.3e-05   2.1e-05   2.1e-05   0.00045  -0.00097  -0.0014    0.025   
   0.0002    0.00014   0.00011   1.7e-05   8.7e-06   1.2e-05   0.0003   -0.00086  -0.00043   0.017   
   0.00027   0.00013   0.00021   8.6e-06   1.2e-05   5.5e-05   0.00036  -0.0013   -2.8e-05   0.021   
   0.00046   0.00046   0.00046  -7.4e-07  -3.2e-07  -1.4e-06  -2.3e-05  -0.0001   -4.4e-05   0.0032  
   0.00046   0.00047   0.00017  -2.5e-05  -0.00012  -5.2e-05  -9.7e-05  -0.001     0.00023   0.033   
   0.00018   0.00017   6.4e-05   7.2e-07  -2.7e-05   3.9e-06   0.00012  -0.00042   0.00065   0.017   
   0.00019   0.00017   6.3e-05   9.3e-06  -1.7e-05   2e-05     0.00023  -0.0004    0.0011    0.018   
   0.00046   0.00046   0.00046  -3.9e-07  -6.4e-07  -5.3e-07  -3.8e-05  -3.2e-05  -5.3e-05   0.0032  
   0.00048   0.00046   0.00012  -7e-06    -1.6e-05  -8.6e-05  -0.00048  -0.0002    0.00014   0.033   
   0.00017   0.00016   5.4e-05   1.9e-06   1.5e-05  -2.2e-05  -0.00024   3e-05     0.00062   0.017   
   0.00018   0.00017   6.3e-05   5.8e-06   3.3e-05  -1.7e-05  -0.00028   0.00012   0.0011    0.018   
   0.00046   0.00046   0.00046   3.3e-07  -6.3e-07   7.7e-07  -2.9e-05   3.6e-05  -6.9e-05   0.0032  
   0.00048   0.00045   0.00013  -7.3e-06  -4.6e-05  -9.9e-05  -0.00033   0.00054  -3.4e-05   0.033   
   0.00017   0.00015   6.4e-05   3.1e-06   4e-06    -3.9e-05  -0.00012   0.00042   0.00053   0.017   
   0.00018   0.00015   7.7e-05   7.3e-06   2e-05    -4.3e-05  -0.00013   0.00057   0.00096   0.018   
   0.00046   0.00046   0.00046   3.8e-07  -3.7e-07   3.2e-06  -1.2e-05   0.0001   -0.0001    0.0032  
   0.0005    0.00041   0.00024  -4.4e-05  -9.5e-05  -0.00012  -3.9e-05   0.0013   -0.00041   0.033   
   0.0002    0.00013   0.00012  -1.3e-05  -1.6e-05  -5.4e-05   0.00011   0.00091   0.00029   0.017   
   0.00022   0.00012   0.00014  -1.2e-05  -2.6e-06  -6.4e-05   0.00019   0.0012    0.00066   0.018   

ACTUATOR_LENGTH
   0.6     
   0.66    
  -0.017   
   0.016   
   0.41    
   0.18    
  -0.039   
   0.04    
   0.093   
   0.23    
  -0.038   
   0.043   
   0.15    
   0.19    
  -0.048   
   0.039   
   0.27    
   0.29    
  -0.056   
   0.036   

actuator_moment
----------------------
 x                    |
  x                   |
   x                  |
    x                 |
     x                |
      x               |
       x              |
        x             |
         x            |
          x           |
           x          |
            x         |
             x        |
              x       |
               x      |
                x     |
                 x    |
                  x   |
                   x  |
                    x |
----------------------

ACTUATOR_MOMENT
     0:  1       
     1:  1       
     2:  1       
     3:  1       
     4:  1       
     5:  1       
     6:  1       
     7:  1       
     8:  1       
     9:  1       
    10:  1       
    11:  1       
    12:  1       
    13:  1       
    14:  1       
    15:  1       
    16:  1       
    17:  1       
    18:  1       
    19:  1       

CRB
   0         0         0         0         0         0         0         0         0         0       
   0.0067    0.006     0.0039   -2.6e-05  -0.00027  -0.00046  -2.2e-19  -1.7e-18   1e-17     0.4     
   0.0012    0.00094   0.00071   5.5e-05   5.2e-06   9.2e-05   0.0012   -0.0034   -0.0024    0.069   
   0.00083   0.00058   0.00047   4.8e-05   4.2e-05   8.9e-05   0.0011   -0.0032   -0.0018    0.062   
   0.00046   0.00028   0.00032   2.5e-05   2.1e-05   6.8e-05   0.00066  -0.0022   -0.00046   0.037   
   0.00027   0.00013   0.00021   8.6e-06   1.2e-05   5.5e-05   0.00036  -0.0013   -2.8e-05   0.021   
   0.0013    0.0013    0.00076  -1.6e-05  -0.00017  -2.9e-05   0.00023  -0.0019    0.0019    0.071   
   0.00083   0.00081   0.0003   -1.5e-05  -0.00017  -2.8e-05   0.00025  -0.0018    0.002     0.068   
   0.00037   0.00034   0.00013   1e-05    -4.4e-05   2.4e-05   0.00035  -0.00082   0.0017    0.035   
   0.00019   0.00017   6.3e-05   9.3e-06  -1.7e-05   2e-05     0.00023  -0.0004    0.0011    0.018   
   0.0013    0.0013    0.00069   3.4e-07   3.2e-05  -0.00013  -0.001    -8.1e-05   0.0018    0.071   
   0.00082   0.00079   0.00023   7.3e-07   3.3e-05  -0.00013  -0.00099  -4.9e-05   0.0018    0.068   
   0.00034   0.00033   0.00012   7.8e-06   4.9e-05  -4e-05    -0.00052   0.00015   0.0017    0.035   
   0.00018   0.00017   6.3e-05   5.8e-06   3.3e-05  -1.7e-05  -0.00028   0.00012   0.0011    0.018   
   0.0013    0.0012    0.00073   3.5e-06  -2.3e-05  -0.00018  -0.00061   0.0016    0.0014    0.071   
   0.00083   0.00075   0.00027   3.1e-06  -2.2e-05  -0.00018  -0.00058   0.0015    0.0015    0.068   
   0.00036   0.0003    0.00014   1e-05     2.4e-05  -8.2e-05  -0.00025   0.00099   0.0015    0.035   
   0.00018   0.00015   7.7e-05   7.3e-06   2e-05    -4.3e-05  -0.00013   0.00057   0.00096   0.018   
   0.0014    0.0011    0.00096  -6.9e-05  -0.00011  -0.00024   0.00025   0.0035    0.00044   0.071   
   0.00092   0.00066   0.0005   -6.9e-05  -0.00011  -0.00024   0.00026   0.0034    0.00055   0.068   
   0.00041   0.00025   0.00026  -2.5e-05  -1.8e-05  -0.00012   0.0003    0.0021    0.00096   0.035   
   0.00022   0.00012   0.00014  -1.2e-05  -2.6e-06  -6.4e-05   0.00019   0.0012    0.00066   0.018   

QM
   0.0009  
   2.9e-05   0.00092 
   0.00022   0.00013   0.00046 
   0.00011   6.7e-05   0.00019   0.00029 
                                           0.0015  
                                          -4.1e-06   0.0011  
                                           0.0003   -9.9e-08   0.00037 
                                           0.00011  -5.4e-08   0.00011   0.0002  
                                                                                   0.0015  
                                                                                  -4.9e-06   0.0011  
                                                                                   0.0003   -1e-07     0.00037 
                                                                                   0.00011  -5.5e-08   0.00011   0.0002  
                                                                                                                           0.0015  
                                                                                                                          -4.5e-06   0.0011  
                                                                                                                           0.0003   -9.8e-08   0.00037 
                                                                                                                           0.00011  -5.4e-08   0.00011   0.0002  
                                                                                                                                                                   0.0015  
                                                                                                                                                                  -7.6e-06   0.0011  
                                                                                                                                                                   0.0003   -9.7e-08   0.00037 
                                                                                                                                                                   0.00011  -5.3e-08   0.00011   0.0002  

M
     0:  0.0009  
     0:  2.9e-05    1:  0.00092 
     0:  0.00022    1:  0.00013    2:  0.00046 
     0:  0.00011    1:  6.7e-05    2:  0.00019    3:  0.00029 
     4:  0.0015  
     4: -4.1e-06    5:  0.0011  
     4:  0.0003     5: -9.9e-08    6:  0.00037 
     4:  0.00011    5: -5.4e-08    6:  0.00011    7:  0.0002  
     8:  0.0015  
     8: -4.9e-06    9:  0.0011  
     8:  0.0003     9: -1e-07     10:  0.00037 
     8:  0.00011    9: -5.5e-08   10:  0.00011   11:  0.0002  
    12:  0.0015  
    12: -4.5e-06   13:  0.0011  
    12:  0.0003    13: -9.8e-08   14:  0.00037 
    12:  0.00011   13: -5.4e-08   14:  0.00011   15:  0.0002  
    16:  0.0015  
    16: -7.6e-06   17:  0.0011  
    16:  0.0003    17: -9.7e-08   18:  0.00037 
    16:  0.00011   17: -5.3e-08   18:  0.00011   19:  0.0002  

QLD
     0:  0.00079 
     0: -0.039      1:  0.00088 
     0:  0.44       1:  0.26       2:  0.00033 
     0:  0.37       1:  0.23       2:  0.68       3:  0.00029 
     4:  0.0013  
     4: -0.0037     5:  0.0011  
     4:  0.78       5: -0.00022    6:  0.00032 
     4:  0.55       5: -0.00027    6:  0.53       7:  0.0002  
     8:  0.0013  
     8: -0.0045     9:  0.0011  
     8:  0.77       9: -0.00023   10:  0.00032 
     8:  0.54       9: -0.00027   10:  0.53      11:  0.0002  
    12:  0.0013  
    12: -0.0041    13:  0.0011  
    12:  0.78      13: -0.00022   14:  0.00032 
    12:  0.55      13: -0.00027   14:  0.53      15:  0.0002  
    16:  0.0013  
    16: -0.0069    17:  0.0011  
    16:  0.76      17: -0.00022   18:  0.00032 
    16:  0.53      17: -0.00026   18:  0.53      19:  0.0002  

QLDIAGINV
   1.3e+03 
   1.1e+03 
   3e+03   
   3.5e+03 
   7.8e+02 
   9.2e+02 
   3.2e+03 
   4.9e+03 
   7.9e+02 
   9.2e+02 
   3.2e+03 
   4.9e+03 
   7.8e+02 
   9.2e+02 
   3.2e+03 
   4.9e+03 
   8e+02   
   9.2e+02 
   3.2e+03 
   4.9e+03 

CONTACT
ACTUATOR_VELOCITY
  -0.22    
  -0.64    
   0.34    
   0.19    
   0.29    
  -0.076   
  -0.13    
  -0.016   
   0.66    
   0.43    
  -0.049   
  -0.056   
   0.95    
   0.03    
  -0.066   
  -0.025   
   1.5     
   0.3     
  -0.26    
  -0.23    

CVEL
   0         0         0         0         0         0       
   0         0         0         0         0         0       
   0.091     0.012    -0.19      0.0054   -0.0055    0.0022  
   0.54      0.43     -0.0099    0.028    -0.039     0.024   
   0.22      0.56      0.045     0.03     -0.028     0.012   
   0.052     0.64      0.075     0.029    -0.027     0.0032  
  -0.065     0.28      0.032     0.0031    0.0011   -0.0038  
   0.0042    0.3       0.0069    0.0041    0.00028  -0.0017  
   0.042     0.17      0.015     0.007     0.0012   -0.0012  
   0.046     0.16      0.016     0.0078    0.0014   -0.0013  
   0.00038   0.66      3.3e-05   0.011    -6.1e-06  -0.0071  
  -0.43      0.66      0.0026    0.011     0.0056   -0.011   
  -0.43      0.61      0.014     0.012     0.0058   -0.011   
  -0.43      0.56      0.027     0.015     0.0059   -0.01    
   0.052     0.95     -0.086     0.02     -0.0018   -0.008   
   0.022     0.95     -0.084     0.02     -0.0013   -0.0077  
   0.02      0.88     -0.066     0.021    -0.0012   -0.0072  
   0.019     0.86     -0.059     0.023    -0.0012   -0.007   
   0.25      1.4      -0.28      0.036    -0.0087   -0.011   
  -0.044     1.5      -0.23      0.04     -0.00031  -0.002   
  -0.072     1.2      -0.11      0.047    -0.001    -0.0018  
  -0.096     1         0.0013    0.059    -0.0028   -0.0024  

CDOF_DOT
   0        -0         0         0         0         0       
  -0.13      0.16     -0.051     0.013     0.0099   -0.0022  
   0.073    -0.077     0.6      -0.03     -0.0075   -0.011   
   0.073    -0.077     0.6      -0.035    -0.0056   -0.0093  
   0        -0         0         0         0         0       
   0.1      -0.0077    0.27     -0.0089    0.00019   0.0033  
  -0.026    -0.0017    0.09      0.00052   0.0006    0.011   
  -0.026    -0.0017    0.09      0.0021   -0.00017   0.015   
   0         0         0         0         0         0       
   0.0039   -3.6e-05   0.66     -0.0066    0.007     4e-05   
  -0.15     -0.099    -0.42      0.0016   -0.003     0.027   
  -0.15     -0.099    -0.42      0.001    -0.0037    0.044   
  -0         0         0         0         0         0       
   0.071     0.082     0.95      0.012     0.0059   -0.0014  
  -0.18      0.0027   -0.017     0.00052   0.0072    0.04    
  -0.18      0.0027   -0.017     0.0012    0.009     0.066   
  -0         0         0         0         0         0       
   0.29      0.22      1.4       0.051    -0.006    -0.0098  
  -0.48     -0.044    -0.19      0.0014    0.024     0.073   
  -0.48     -0.044    -0.19      0.0063    0.027     0.11    

QFRC_BIAS
   0.0076  
   0.0084  
   0.0044  
   0.0013  
  -0.007   
  -0.0017  
  -0.0023  
  -0.00018 
   0.0026  
  -0.0061  
   0.00066 
   0.00028 
   0.00094 
  -0.0073  
   0.00022 
   0.00022 
  -0.002   
  -0.012   
  -0.00076 
   3.9e-05 

QFRC_SPRING
   0       
   0       
   0       
   0       
   0       
   0       
   0       
   0       
   0       
   0       
   0       
   0       
   0       
   0       
   0       
   0       
   0       
   0       
   0       
   0       

QFRC_DAMPER
   0.011   
   0.032   
  -0.01    
  -0.0057  
  -0.015   
   0.0038  
   0.004   
   0.00048 
  -0.033   
  -0.022   
   0.0015  
   0.0017  
  -0.048   
  -0.0015  
   0.002   
   0.00075 
  -0.073   
  -0.015   
   0.0078  
   0.0069  

QFRC_GRAVCOMP
   0       
   0       
   0       
   0       
   0       
   0       
   0       
   0       
   0       
   0       
   0       
   0       
   0       
   0       
   0       
   0       
   0       
   0       
   0       
   0       

QFRC_FLUID
   0       
   0       
   0       
   0       
   0       
   0       
   0       
   0       
   0       
   0       
   0       
   0       
   0       
   0       
   0       
   0       
   0       
   0       
   0       
   0       

QFRC_PASSIVE
   0.011   
   0.032   
  -0.01    
  -0.0057  
  -0.015   
   0.0038  
   0.004   
   0.00048 
  -0.033   
  -0.022   
   0.0015  
   0.0017  
  -0.048   
  -0.0015  
   0.002   
   0.00075 
  -0.073   
  -0.015   
   0.0078  
   0.0069  

SUBTREE_LINVEL
   0         0         0       
   0         0         0       
   0         0         0       
   0         0         0       
   0         0         0       
   0         0         0       
   0         0         0       
   0         0         0       
   0         0         0       
   0         0         0       
   0         0         0       
   0         0         0       
   0         0         0       
   0         0         0       
   0         0         0       
   0         0         0       
   0         0         0       
   0         0         0       
   0         0         0       
   0         0         0       
   0         0         0       
   0         0         0       

SUBTREE_ANGMOM
   0         0         0       
   0         0         0       
   0         0         0       
   0         0         0       
   0         0         0       
   0         0         0       
   0         0         0       
   0         0         0       
   0         0         0       
   0         0         0       
   0         0         0       
   0         0         0       
   0         0         0       
   0         0         0       
   0         0         0       
   0         0         0       
   0         0         0       
   0         0         0       
   0         0         0       
   0         0         0       
   0         0         0       
   0         0         0       

ACTUATOR_FORCE
   0.029   
  -0.022   
   0.031   
   0.016   
   0.00047 
  -0.004   
  -0.0077  
  -0.0013  
  -0.0085  
   0.0053  
  -0.011   
  -0.0052  
   0.033   
   0.00069 
  -0.0033  
  -0.00093 
   0.16    
   0.017   
   0.019   
   0.0036  

QFRC_ACTUATOR
   0.029   
  -0.022   
   0.031   
   0.016   
   0.00047 
  -0.004   
  -0.0077  
  -0.0013  
  -0.0085  
   0.0053  
  -0.011   
  -0.0052  
   0.033   
   0.00069 
  -0.0033  
  -0.00093 
   0.16    
   0.017   
   0.019   
   0.0036  

QFRC_SMOOTH
   0.032   
   0.0014  
   0.016   
   0.0092  
  -0.0072  
   0.0015  
  -0.0014  
  -0.00066 
  -0.044   
  -0.01    
  -0.01    
  -0.0038  
  -0.015   
   0.0065  
  -0.0016  
  -0.0004  
   0.094   
   0.014   
   0.027   
   0.011   

QACC_SMOOTH
   31      
  -2.6     
   16      
   10      
  -4.7     
   1.4     
   0.35    
  -0.91    
  -28      
  -9.7     
  -5.2     
  -0.84    
  -11      
   5.9     
   4.2     
   1.8     
   57      
   14      
   25      
   8.4     

QFRC_CONSTRAINT
   0       
   0       
   0       
   0       
   0       
   0       
   0       
   0       
   0       
   0       
   0       
   0       
   0       
   0       
   0       
   0       
   0       
   0       
   0       
   0       

QFRC_INVERSE
   0       
   0       
   0       
   0       
   0       
   0       
   0       
   0       
   0       
   0       
   0       
   0       
   0       
   0       
   0       
   0       
   0       
   0       
   0       
   0       

CACC
   0         0         0         0         0         0       
   0         0         0         0         0         0       
   0         0         0         0         0         0       
   0         0         0         0         0         0       
   0         0         0         0         0         0       
   0         0         0         0         0         0       
   0         0         0         0         0         0       
   0         0         0         0         0         0       
   0         0         0         0         0         0       
   0         0         0         0         0         0       
   0         0         0         0         0         0       
   0         0         0         0         0         0       
   0         0         0         0         0         0       
   0         0         0         0         0         0       
   0         0         0         0         0         0       
   0         0         0         0         0         0       
   0         0         0         0         0         0       
   0         0         0         0         0         0       
   0         0         0         0         0         0       
   0         0         0         0         0         0       
   0         0         0         0         0         0       
   0         0         0         0         0         0       

CFRC_INT
   0         0         0         0         0         0       
   0         0         0         0         0         0       
   0         0         0         0         0         0       
   0         0         0         0         0         0       
   0         0         0         0         0         0       
   0         0         0         0         0         0       
   0         0         0         0         0         0       
   0         0         0         0         0         0       
   0         0         0         0         0         0       
   0         0         0         0         0         0       
   0         0         0         0         0         0       
   0         0         0         0         0         0       
   0         0         0         0         0         0       
   0         0         0         0         0         0       
   0         0         0         0         0         0       
   0         0         0         0         0         0       
   0         0         0         0         0         0       
   0         0         0         0         0         0       
   0         0         0         0         0         0       
   0         0         0         0         0         0       
   0         0         0         0         0         0       
   0         0         0         0         0         0       

CFRC_EXT
   0         0         0         0         0         0       
   0         0         0         0         0         0       
   0         0         0         0         0         0       
   0         0         0         0         0         0       
   0         0         0         0         0         0       
   0         0         0         0         0         0       
   0         0         0         0         0         0       
   0         0         0         0         0         0       
   0         0         0         0         0         0       
   0         0         0         0         0         0       
   0         0         0         0         0         0       
   0         0         0         0         0         0       
   0         0         0         0         0         0       
   0         0         0         0         0         0       
   0         0         0         0         0         0       
   0         0         0         0         0         0       
   0         0         0         0         0         0       
   0         0         0         0         0         0       
   0         0         0         0         0         0       
   0         0         0         0         0         0       
   0         0         0         0         0         0       
   0         0         0         0         0         0       

